Reached end with 18 flowers.
0 4 0 4 0 4 
-1 -1 -1 -1 -1 -1 
2 3 2 3 2 3 
-1 -1 -1 -1 -1 -1 
1 5 1 5 1 5 
-1 -1 -1 -1 -1 -1 
Reached end with 18 flowers.
0 4 0 4 0 4 
-1 -1 -1 -1 -1 -1 
2 3 2 3 2 3 
-1 -1 -1 -1 -1 -1 
5 1 5 1 5 1 
-1 -1 -1 -1 -1 -1 
Reached end with 18 flowers.
0 4 0 4 0 4 
-1 -1 -1 -1 -1 -1 
3 2 3 2 3 2 
-1 -1 -1 -1 -1 -1 
1 5 1 5 1 5 
-1 -1 -1 -1 -1 -1 
Reached end with 18 flowers.
0 4 0 4 0 4 
-1 -1 -1 -1 -1 -1 
3 2 3 2 3 2 
-1 -1 -1 -1 -1 -1 
5 1 5 1 5 1 
-1 -1 -1 -1 -1 -1 
Reached end with 18 flowers.
0 4 0 4 0 6 
-1 -1 -1 -1 -1 -1 
2 3 2 3 2 3 
-1 -1 -1 -1 -1 -1 
1 5 1 5 1 5 
-1 -1 -1 -1 -1 -1 
Reached end with 18 flowers.
0 4 0 4 0 6 
-1 -1 -1 -1 -1 -1 
2 3 2 3 2 3 
-1 -1 -1 -1 -1 -1 
5 1 5 1 5 1 
-1 -1 -1 -1 -1 -1 
Reached end with 18 flowers.
0 4 0 4 0 6 
-1 -1 -1 -1 -1 -1 
3 2 3 2 3 2 
-1 -1 -1 -1 -1 -1 
1 5 1 5 1 5 
-1 -1 -1 -1 -1 -1 
Reached end with 18 flowers.
0 4 0 4 0 6 
-1 -1 -1 -1 -1 -1 
3 2 3 2 3 2 
-1 -1 -1 -1 -1 -1 
5 1 5 1 5 1 
-1 -1 -1 -1 -1 -1 
Reached end with 18 flowers.
0 4 0 4 6 0 
-1 -1 -1 -1 -1 -1 
2 3 2 3 2 3 
-1 -1 -1 -1 -1 -1 
1 5 1 5 1 5 
-1 -1 -1 -1 -1 -1 
Reached end with 18 flowers.
0 4 0 4 6 0 
-1 -1 -1 -1 -1 -1 
2 3 2 3 2 3 
-1 -1 -1 -1 -1 -1 
5 1 5 1 5 1 
-1 -1 -1 -1 -1 -1 
Reached end with 18 flowers.
0 4 0 4 6 0 
-1 -1 -1 -1 -1 -1 
3 2 3 2 3 2 
-1 -1 -1 -1 -1 -1 
1 5 1 5 1 5 
-1 -1 -1 -1 -1 -1 
Reached end with 18 flowers.
0 4 0 4 6 0 
-1 -1 -1 -1 -1 -1 
3 2 3 2 3 2 
-1 -1 -1 -1 -1 -1 
5 1 5 1 5 1 
-1 -1 -1 -1 -1 -1 
Reached end with 18 flowers.
0 4 0 4 6 4 
-1 -1 -1 -1 -1 -1 
2 3 2 3 2 3 
-1 -1 -1 -1 -1 -1 
1 5 1 5 1 5 
-1 -1 -1 -1 -1 -1 
Reached end with 18 flowers.
0 4 0 4 6 4 
-1 -1 -1 -1 -1 -1 
2 3 2 3 2 3 
-1 -1 -1 -1 -1 -1 
5 1 5 1 5 1 
-1 -1 -1 -1 -1 -1 
Reached end with 18 flowers.
0 4 0 4 6 4 
-1 -1 -1 -1 -1 -1 
3 2 3 2 3 2 
-1 -1 -1 -1 -1 -1 
1 5 1 5 1 5 
-1 -1 -1 -1 -1 -1 
Reached end with 18 flowers.
0 4 0 4 6 4 
-1 -1 -1 -1 -1 -1 
3 2 3 2 3 2 
-1 -1 -1 -1 -1 -1 
5 1 5 1 5 1 
-1 -1 -1 -1 -1 -1 
Reached end with 18 flowers.
0 4 0 6 0 4 
-1 -1 -1 -1 -1 -1 
2 3 2 3 2 3 
-1 -1 -1 -1 -1 -1 
1 5 1 5 1 5 
-1 -1 -1 -1 -1 -1 
Reached end with 18 flowers.
0 4 0 6 0 4 
-1 -1 -1 -1 -1 -1 
2 3 2 3 2 3 
-1 -1 -1 -1 -1 -1 
5 1 5 1 5 1 
-1 -1 -1 -1 -1 -1 
Reached end with 18 flowers.
0 4 0 6 0 4 
-1 -1 -1 -1 -1 -1 
3 2 3 2 3 2 
-1 -1 -1 -1 -1 -1 
1 5 1 5 1 5 
-1 -1 -1 -1 -1 -1 
Reached end with 18 flowers.
0 4 0 6 0 4 
-1 -1 -1 -1 -1 -1 
3 2 3 2 3 2 
-1 -1 -1 -1 -1 -1 
5 1 5 1 5 1 
-1 -1 -1 -1 -1 -1 
Reached end with 18 flowers.
0 4 0 6 0 6 
-1 -1 -1 -1 -1 -1 
2 3 2 3 2 3 
-1 -1 -1 -1 -1 -1 
1 5 1 5 1 5 
-1 -1 -1 -1 -1 -1 
Reached end with 18 flowers.
0 4 0 6 0 6 
-1 -1 -1 -1 -1 -1 
2 3 2 3 2 3 
-1 -1 -1 -1 -1 -1 
5 1 5 1 5 1 
-1 -1 -1 -1 -1 -1 
Reached end with 18 flowers.
0 4 0 6 0 6 
-1 -1 -1 -1 -1 -1 
3 2 3 2 3 2 
-1 -1 -1 -1 -1 -1 
1 5 1 5 1 5 
-1 -1 -1 -1 -1 -1 
Reached end with 18 flowers.
0 4 0 6 0 6 
-1 -1 -1 -1 -1 -1 
3 2 3 2 3 2 
-1 -1 -1 -1 -1 -1 
5 1 5 1 5 1 
-1 -1 -1 -1 -1 -1 
Reached end with 18 flowers.
0 4 0 6 4 0 
-1 -1 -1 -1 -1 -1 
2 3 2 3 2 3 
-1 -1 -1 -1 -1 -1 
1 5 1 5 1 5 
-1 -1 -1 -1 -1 -1 
Reached end with 18 flowers.
0 4 0 6 4 0 
-1 -1 -1 -1 -1 -1 
2 3 2 3 2 3 
-1 -1 -1 -1 -1 -1 
5 1 5 1 5 1 
-1 -1 -1 -1 -1 -1 
Reached end with 18 flowers.
0 4 0 6 4 0 
-1 -1 -1 -1 -1 -1 
3 2 3 2 3 2 
-1 -1 -1 -1 -1 -1 
1 5 1 5 1 5 
-1 -1 -1 -1 -1 -1 
Reached end with 18 flowers.
0 4 0 6 4 0 
-1 -1 -1 -1 -1 -1 
3 2 3 2 3 2 
-1 -1 -1 -1 -1 -1 
5 1 5 1 5 1 
-1 -1 -1 -1 -1 -1 
Reached end with 18 flowers.
0 4 0 6 4 6 
-1 -1 -1 -1 -1 -1 
2 3 2 3 2 3 
-1 -1 -1 -1 -1 -1 
1 5 1 5 1 5 
-1 -1 -1 -1 -1 -1 
Reached end with 18 flowers.
0 4 0 6 4 6 
-1 -1 -1 -1 -1 -1 
2 3 2 3 2 3 
-1 -1 -1 -1 -1 -1 
5 1 5 1 5 1 
-1 -1 -1 -1 -1 -1 
Reached end with 18 flowers.
0 4 0 6 4 6 
-1 -1 -1 -1 -1 -1 
3 2 3 2 3 2 
-1 -1 -1 -1 -1 -1 
1 5 1 5 1 5 
-1 -1 -1 -1 -1 -1 
Reached end with 18 flowers.
0 4 0 6 4 6 
-1 -1 -1 -1 -1 -1 
3 2 3 2 3 2 
-1 -1 -1 -1 -1 -1 
5 1 5 1 5 1 
-1 -1 -1 -1 -1 -1 
Reached end with 18 flowers.
0 4 6 0 4 0 
-1 -1 -1 -1 -1 -1 
2 3 2 3 2 3 
-1 -1 -1 -1 -1 -1 
1 5 1 5 1 5 
-1 -1 -1 -1 -1 -1 
Reached end with 18 flowers.
0 4 6 0 4 0 
-1 -1 -1 -1 -1 -1 
2 3 2 3 2 3 
-1 -1 -1 -1 -1 -1 
5 1 5 1 5 1 
-1 -1 -1 -1 -1 -1 
Reached end with 18 flowers.
0 4 6 0 4 0 
-1 -1 -1 -1 -1 -1 
3 2 3 2 3 2 
-1 -1 -1 -1 -1 -1 
1 5 1 5 1 5 
-1 -1 -1 -1 -1 -1 
Reached end with 18 flowers.
0 4 6 0 4 0 
-1 -1 -1 -1 -1 -1 
3 2 3 2 3 2 
-1 -1 -1 -1 -1 -1 
5 1 5 1 5 1 
-1 -1 -1 -1 -1 -1 
Reached end with 18 flowers.
0 4 6 0 4 6 
-1 -1 -1 -1 -1 -1 
2 3 2 3 2 3 
-1 -1 -1 -1 -1 -1 
1 5 1 5 1 5 
-1 -1 -1 -1 -1 -1 
Reached end with 18 flowers.
0 4 6 0 4 6 
-1 -1 -1 -1 -1 -1 
2 3 2 3 2 3 
-1 -1 -1 -1 -1 -1 
5 1 5 1 5 1 
-1 -1 -1 -1 -1 -1 
Reached end with 18 flowers.
0 4 6 0 4 6 
-1 -1 -1 -1 -1 -1 
3 2 3 2 3 2 
-1 -1 -1 -1 -1 -1 
1 5 1 5 1 5 
-1 -1 -1 -1 -1 -1 
Reached end with 18 flowers.
0 4 6 0 4 6 
-1 -1 -1 -1 -1 -1 
3 2 3 2 3 2 
-1 -1 -1 -1 -1 -1 
5 1 5 1 5 1 
-1 -1 -1 -1 -1 -1 
Reached end with 18 flowers.
0 4 6 0 6 0 
-1 -1 -1 -1 -1 -1 
2 3 2 3 2 3 
-1 -1 -1 -1 -1 -1 
1 5 1 5 1 5 
-1 -1 -1 -1 -1 -1 
Reached end with 18 flowers.
0 4 6 0 6 0 
-1 -1 -1 -1 -1 -1 
2 3 2 3 2 3 
-1 -1 -1 -1 -1 -1 
5 1 5 1 5 1 
-1 -1 -1 -1 -1 -1 
Reached end with 18 flowers.
0 4 6 0 6 0 
-1 -1 -1 -1 -1 -1 
3 2 3 2 3 2 
-1 -1 -1 -1 -1 -1 
1 5 1 5 1 5 
-1 -1 -1 -1 -1 -1 
Reached end with 18 flowers.
0 4 6 0 6 0 
-1 -1 -1 -1 -1 -1 
3 2 3 2 3 2 
-1 -1 -1 -1 -1 -1 
5 1 5 1 5 1 
-1 -1 -1 -1 -1 -1 
Reached end with 18 flowers.
0 4 6 0 6 4 
-1 -1 -1 -1 -1 -1 
2 3 2 3 2 3 
-1 -1 -1 -1 -1 -1 
1 5 1 5 1 5 
-1 -1 -1 -1 -1 -1 
Reached end with 18 flowers.
0 4 6 0 6 4 
-1 -1 -1 -1 -1 -1 
2 3 2 3 2 3 
-1 -1 -1 -1 -1 -1 
5 1 5 1 5 1 
-1 -1 -1 -1 -1 -1 
Reached end with 18 flowers.
0 4 6 0 6 4 
-1 -1 -1 -1 -1 -1 
3 2 3 2 3 2 
-1 -1 -1 -1 -1 -1 
1 5 1 5 1 5 
-1 -1 -1 -1 -1 -1 
Reached end with 18 flowers.
0 4 6 0 6 4 
-1 -1 -1 -1 -1 -1 
3 2 3 2 3 2 
-1 -1 -1 -1 -1 -1 
5 1 5 1 5 1 
-1 -1 -1 -1 -1 -1 
Reached end with 18 flowers.
0 4 6 4 0 4 
-1 -1 -1 -1 -1 -1 
2 3 2 3 2 3 
-1 -1 -1 -1 -1 -1 
1 5 1 5 1 5 
-1 -1 -1 -1 -1 -1 
Reached end with 18 flowers.
0 4 6 4 0 4 
-1 -1 -1 -1 -1 -1 
2 3 2 3 2 3 
-1 -1 -1 -1 -1 -1 
5 1 5 1 5 1 
-1 -1 -1 -1 -1 -1 
Reached end with 18 flowers.
0 4 6 4 0 4 
-1 -1 -1 -1 -1 -1 
3 2 3 2 3 2 
-1 -1 -1 -1 -1 -1 
1 5 1 5 1 5 
-1 -1 -1 -1 -1 -1 
Reached end with 18 flowers.
0 4 6 4 0 4 
-1 -1 -1 -1 -1 -1 
3 2 3 2 3 2 
-1 -1 -1 -1 -1 -1 
5 1 5 1 5 1 
-1 -1 -1 -1 -1 -1 
Reached end with 18 flowers.
0 4 6 4 0 6 
-1 -1 -1 -1 -1 -1 
2 3 2 3 2 3 
-1 -1 -1 -1 -1 -1 
1 5 1 5 1 5 
-1 -1 -1 -1 -1 -1 
Reached end with 18 flowers.
0 4 6 4 0 6 
-1 -1 -1 -1 -1 -1 
2 3 2 3 2 3 
-1 -1 -1 -1 -1 -1 
5 1 5 1 5 1 
-1 -1 -1 -1 -1 -1 
Reached end with 18 flowers.
0 4 6 4 0 6 
-1 -1 -1 -1 -1 -1 
3 2 3 2 3 2 
-1 -1 -1 -1 -1 -1 
1 5 1 5 1 5 
-1 -1 -1 -1 -1 -1 
Reached end with 18 flowers.
0 4 6 4 0 6 
-1 -1 -1 -1 -1 -1 
3 2 3 2 3 2 
-1 -1 -1 -1 -1 -1 
5 1 5 1 5 1 
-1 -1 -1 -1 -1 -1 
Reached end with 18 flowers.
0 4 6 4 6 0 
-1 -1 -1 -1 -1 -1 
2 3 2 3 2 3 
-1 -1 -1 -1 -1 -1 
1 5 1 5 1 5 
-1 -1 -1 -1 -1 -1 
Reached end with 18 flowers.
0 4 6 4 6 0 
-1 -1 -1 -1 -1 -1 
2 3 2 3 2 3 
-1 -1 -1 -1 -1 -1 
5 1 5 1 5 1 
-1 -1 -1 -1 -1 -1 
Reached end with 18 flowers.
0 4 6 4 6 0 
-1 -1 -1 -1 -1 -1 
3 2 3 2 3 2 
-1 -1 -1 -1 -1 -1 
1 5 1 5 1 5 
-1 -1 -1 -1 -1 -1 
Reached end with 18 flowers.
0 4 6 4 6 0 
-1 -1 -1 -1 -1 -1 
3 2 3 2 3 2 
-1 -1 -1 -1 -1 -1 
5 1 5 1 5 1 
-1 -1 -1 -1 -1 -1 
Reached end with 18 flowers.
0 4 6 4 6 4 
-1 -1 -1 -1 -1 -1 
2 3 2 3 2 3 
-1 -1 -1 -1 -1 -1 
1 5 1 5 1 5 
-1 -1 -1 -1 -1 -1 
Reached end with 18 flowers.
0 4 6 4 6 4 
-1 -1 -1 -1 -1 -1 
2 3 2 3 2 3 
-1 -1 -1 -1 -1 -1 
5 1 5 1 5 1 
-1 -1 -1 -1 -1 -1 
Reached end with 18 flowers.
0 4 6 4 6 4 
-1 -1 -1 -1 -1 -1 
3 2 3 2 3 2 
-1 -1 -1 -1 -1 -1 
1 5 1 5 1 5 
-1 -1 -1 -1 -1 -1 
Reached end with 18 flowers.
0 4 6 4 6 4 
-1 -1 -1 -1 -1 -1 
3 2 3 2 3 2 
-1 -1 -1 -1 -1 -1 
5 1 5 1 5 1 
-1 -1 -1 -1 -1 -1 
Reached end with 18 flowers.
0 6 0 4 0 4 
-1 -1 -1 -1 -1 -1 
2 3 2 3 2 3 
-1 -1 -1 -1 -1 -1 
1 5 1 5 1 5 
-1 -1 -1 -1 -1 -1 
Reached end with 18 flowers.
0 6 0 4 0 4 
-1 -1 -1 -1 -1 -1 
2 3 2 3 2 3 
-1 -1 -1 -1 -1 -1 
5 1 5 1 5 1 
-1 -1 -1 -1 -1 -1 
Reached end with 18 flowers.
0 6 0 4 0 4 
-1 -1 -1 -1 -1 -1 
3 2 3 2 3 2 
-1 -1 -1 -1 -1 -1 
1 5 1 5 1 5 
-1 -1 -1 -1 -1 -1 
Reached end with 18 flowers.
0 6 0 4 0 4 
-1 -1 -1 -1 -1 -1 
3 2 3 2 3 2 
-1 -1 -1 -1 -1 -1 
5 1 5 1 5 1 
-1 -1 -1 -1 -1 -1 
Reached end with 18 flowers.
0 6 0 4 0 6 
-1 -1 -1 -1 -1 -1 
2 3 2 3 2 3 
-1 -1 -1 -1 -1 -1 
1 5 1 5 1 5 
-1 -1 -1 -1 -1 -1 
Reached end with 18 flowers.
0 6 0 4 0 6 
-1 -1 -1 -1 -1 -1 
2 3 2 3 2 3 
-1 -1 -1 -1 -1 -1 
5 1 5 1 5 1 
-1 -1 -1 -1 -1 -1 
Reached end with 18 flowers.
0 6 0 4 0 6 
-1 -1 -1 -1 -1 -1 
3 2 3 2 3 2 
-1 -1 -1 -1 -1 -1 
1 5 1 5 1 5 
-1 -1 -1 -1 -1 -1 
Reached end with 18 flowers.
0 6 0 4 0 6 
-1 -1 -1 -1 -1 -1 
3 2 3 2 3 2 
-1 -1 -1 -1 -1 -1 
5 1 5 1 5 1 
-1 -1 -1 -1 -1 -1 
Reached end with 18 flowers.
0 6 0 4 6 0 
-1 -1 -1 -1 -1 -1 
2 3 2 3 2 3 
-1 -1 -1 -1 -1 -1 
1 5 1 5 1 5 
-1 -1 -1 -1 -1 -1 
Reached end with 18 flowers.
0 6 0 4 6 0 
-1 -1 -1 -1 -1 -1 
2 3 2 3 2 3 
-1 -1 -1 -1 -1 -1 
5 1 5 1 5 1 
-1 -1 -1 -1 -1 -1 
Reached end with 18 flowers.
0 6 0 4 6 0 
-1 -1 -1 -1 -1 -1 
3 2 3 2 3 2 
-1 -1 -1 -1 -1 -1 
1 5 1 5 1 5 
-1 -1 -1 -1 -1 -1 
Reached end with 18 flowers.
0 6 0 4 6 0 
-1 -1 -1 -1 -1 -1 
3 2 3 2 3 2 
-1 -1 -1 -1 -1 -1 
5 1 5 1 5 1 
-1 -1 -1 -1 -1 -1 
Reached end with 18 flowers.
0 6 0 4 6 4 
-1 -1 -1 -1 -1 -1 
2 3 2 3 2 3 
-1 -1 -1 -1 -1 -1 
1 5 1 5 1 5 
-1 -1 -1 -1 -1 -1 
Reached end with 18 flowers.
0 6 0 4 6 4 
-1 -1 -1 -1 -1 -1 
2 3 2 3 2 3 
-1 -1 -1 -1 -1 -1 
5 1 5 1 5 1 
-1 -1 -1 -1 -1 -1 
Reached end with 18 flowers.
0 6 0 4 6 4 
-1 -1 -1 -1 -1 -1 
3 2 3 2 3 2 
-1 -1 -1 -1 -1 -1 
1 5 1 5 1 5 
-1 -1 -1 -1 -1 -1 
Reached end with 18 flowers.
0 6 0 4 6 4 
-1 -1 -1 -1 -1 -1 
3 2 3 2 3 2 
-1 -1 -1 -1 -1 -1 
5 1 5 1 5 1 
-1 -1 -1 -1 -1 -1 
Reached end with 18 flowers.
0 6 0 6 0 4 
-1 -1 -1 -1 -1 -1 
2 3 2 3 2 3 
-1 -1 -1 -1 -1 -1 
1 5 1 5 1 5 
-1 -1 -1 -1 -1 -1 
Reached end with 18 flowers.
0 6 0 6 0 4 
-1 -1 -1 -1 -1 -1 
2 3 2 3 2 3 
-1 -1 -1 -1 -1 -1 
5 1 5 1 5 1 
-1 -1 -1 -1 -1 -1 
Reached end with 18 flowers.
0 6 0 6 0 4 
-1 -1 -1 -1 -1 -1 
3 2 3 2 3 2 
-1 -1 -1 -1 -1 -1 
1 5 1 5 1 5 
-1 -1 -1 -1 -1 -1 
Reached end with 18 flowers.
0 6 0 6 0 4 
-1 -1 -1 -1 -1 -1 
3 2 3 2 3 2 
-1 -1 -1 -1 -1 -1 
5 1 5 1 5 1 
-1 -1 -1 -1 -1 -1 
Reached end with 18 flowers.
0 6 0 6 0 6 
-1 -1 -1 -1 -1 -1 
2 3 2 3 2 3 
-1 -1 -1 -1 -1 -1 
1 5 1 5 1 5 
-1 -1 -1 -1 -1 -1 
Reached end with 18 flowers.
0 6 0 6 0 6 
-1 -1 -1 -1 -1 -1 
2 3 2 3 2 3 
-1 -1 -1 -1 -1 -1 
5 1 5 1 5 1 
-1 -1 -1 -1 -1 -1 
Reached end with 18 flowers.
0 6 0 6 0 6 
-1 -1 -1 -1 -1 -1 
3 2 3 2 3 2 
-1 -1 -1 -1 -1 -1 
1 5 1 5 1 5 
-1 -1 -1 -1 -1 -1 
Reached end with 18 flowers.
0 6 0 6 0 6 
-1 -1 -1 -1 -1 -1 
3 2 3 2 3 2 
-1 -1 -1 -1 -1 -1 
5 1 5 1 5 1 
-1 -1 -1 -1 -1 -1 
Reached end with 18 flowers.
0 6 0 6 4 0 
-1 -1 -1 -1 -1 -1 
2 3 2 3 2 3 
-1 -1 -1 -1 -1 -1 
1 5 1 5 1 5 
-1 -1 -1 -1 -1 -1 
Reached end with 18 flowers.
0 6 0 6 4 0 
-1 -1 -1 -1 -1 -1 
2 3 2 3 2 3 
-1 -1 -1 -1 -1 -1 
5 1 5 1 5 1 
-1 -1 -1 -1 -1 -1 
Reached end with 18 flowers.
0 6 0 6 4 0 
-1 -1 -1 -1 -1 -1 
3 2 3 2 3 2 
-1 -1 -1 -1 -1 -1 
1 5 1 5 1 5 
-1 -1 -1 -1 -1 -1 
Reached end with 18 flowers.
0 6 0 6 4 0 
-1 -1 -1 -1 -1 -1 
3 2 3 2 3 2 
-1 -1 -1 -1 -1 -1 
5 1 5 1 5 1 
-1 -1 -1 -1 -1 -1 
Reached end with 18 flowers.
0 6 0 6 4 6 
-1 -1 -1 -1 -1 -1 
2 3 2 3 2 3 
-1 -1 -1 -1 -1 -1 
1 5 1 5 1 5 
-1 -1 -1 -1 -1 -1 
Reached end with 18 flowers.
0 6 0 6 4 6 
-1 -1 -1 -1 -1 -1 
2 3 2 3 2 3 
-1 -1 -1 -1 -1 -1 
5 1 5 1 5 1 
-1 -1 -1 -1 -1 -1 
Reached end with 18 flowers.
0 6 0 6 4 6 
-1 -1 -1 -1 -1 -1 
3 2 3 2 3 2 
-1 -1 -1 -1 -1 -1 
1 5 1 5 1 5 
-1 -1 -1 -1 -1 -1 
Reached end with 18 flowers.
0 6 0 6 4 6 
-1 -1 -1 -1 -1 -1 
3 2 3 2 3 2 
-1 -1 -1 -1 -1 -1 
5 1 5 1 5 1 
-1 -1 -1 -1 -1 -1 
Reached end with 18 flowers.
0 6 4 0 4 0 
-1 -1 -1 -1 -1 -1 
2 3 2 3 2 3 
-1 -1 -1 -1 -1 -1 
1 5 1 5 1 5 
-1 -1 -1 -1 -1 -1 
Reached end with 18 flowers.
0 6 4 0 4 0 
-1 -1 -1 -1 -1 -1 
2 3 2 3 2 3 
-1 -1 -1 -1 -1 -1 
5 1 5 1 5 1 
-1 -1 -1 -1 -1 -1 
Reached end with 18 flowers.
0 6 4 0 4 0 
-1 -1 -1 -1 -1 -1 
3 2 3 2 3 2 
-1 -1 -1 -1 -1 -1 
1 5 1 5 1 5 
-1 -1 -1 -1 -1 -1 
Reached end with 18 flowers.
0 6 4 0 4 0 
-1 -1 -1 -1 -1 -1 
3 2 3 2 3 2 
-1 -1 -1 -1 -1 -1 
5 1 5 1 5 1 
-1 -1 -1 -1 -1 -1 
Reached end with 18 flowers.
0 6 4 0 4 6 
-1 -1 -1 -1 -1 -1 
2 3 2 3 2 3 
-1 -1 -1 -1 -1 -1 
1 5 1 5 1 5 
-1 -1 -1 -1 -1 -1 
Reached end with 18 flowers.
0 6 4 0 4 6 
-1 -1 -1 -1 -1 -1 
2 3 2 3 2 3 
-1 -1 -1 -1 -1 -1 
5 1 5 1 5 1 
-1 -1 -1 -1 -1 -1 
Reached end with 18 flowers.
0 6 4 0 4 6 
-1 -1 -1 -1 -1 -1 
3 2 3 2 3 2 
-1 -1 -1 -1 -1 -1 
1 5 1 5 1 5 
-1 -1 -1 -1 -1 -1 
Reached end with 18 flowers.
0 6 4 0 4 6 
-1 -1 -1 -1 -1 -1 
3 2 3 2 3 2 
-1 -1 -1 -1 -1 -1 
5 1 5 1 5 1 
-1 -1 -1 -1 -1 -1 
Reached end with 18 flowers.
0 6 4 0 6 0 
-1 -1 -1 -1 -1 -1 
2 3 2 3 2 3 
-1 -1 -1 -1 -1 -1 
1 5 1 5 1 5 
-1 -1 -1 -1 -1 -1 
Reached end with 18 flowers.
0 6 4 0 6 0 
-1 -1 -1 -1 -1 -1 
2 3 2 3 2 3 
-1 -1 -1 -1 -1 -1 
5 1 5 1 5 1 
-1 -1 -1 -1 -1 -1 
Reached end with 18 flowers.
0 6 4 0 6 0 
-1 -1 -1 -1 -1 -1 
3 2 3 2 3 2 
-1 -1 -1 -1 -1 -1 
1 5 1 5 1 5 
-1 -1 -1 -1 -1 -1 
Reached end with 18 flowers.
0 6 4 0 6 0 
-1 -1 -1 -1 -1 -1 
3 2 3 2 3 2 
-1 -1 -1 -1 -1 -1 
5 1 5 1 5 1 
-1 -1 -1 -1 -1 -1 
Reached end with 18 flowers.
0 6 4 0 6 4 
-1 -1 -1 -1 -1 -1 
2 3 2 3 2 3 
-1 -1 -1 -1 -1 -1 
1 5 1 5 1 5 
-1 -1 -1 -1 -1 -1 
Reached end with 18 flowers.
0 6 4 0 6 4 
-1 -1 -1 -1 -1 -1 
2 3 2 3 2 3 
-1 -1 -1 -1 -1 -1 
5 1 5 1 5 1 
-1 -1 -1 -1 -1 -1 
Reached end with 18 flowers.
0 6 4 0 6 4 
-1 -1 -1 -1 -1 -1 
3 2 3 2 3 2 
-1 -1 -1 -1 -1 -1 
1 5 1 5 1 5 
-1 -1 -1 -1 -1 -1 
Reached end with 18 flowers.
0 6 4 0 6 4 
-1 -1 -1 -1 -1 -1 
3 2 3 2 3 2 
-1 -1 -1 -1 -1 -1 
5 1 5 1 5 1 
-1 -1 -1 -1 -1 -1 
Reached end with 18 flowers.
0 6 4 6 0 4 
-1 -1 -1 -1 -1 -1 
2 3 2 3 2 3 
-1 -1 -1 -1 -1 -1 
1 5 1 5 1 5 
-1 -1 -1 -1 -1 -1 
Reached end with 18 flowers.
0 6 4 6 0 4 
-1 -1 -1 -1 -1 -1 
2 3 2 3 2 3 
-1 -1 -1 -1 -1 -1 
5 1 5 1 5 1 
-1 -1 -1 -1 -1 -1 
Reached end with 18 flowers.
0 6 4 6 0 4 
-1 -1 -1 -1 -1 -1 
3 2 3 2 3 2 
-1 -1 -1 -1 -1 -1 
1 5 1 5 1 5 
-1 -1 -1 -1 -1 -1 
Reached end with 18 flowers.
0 6 4 6 0 4 
-1 -1 -1 -1 -1 -1 
3 2 3 2 3 2 
-1 -1 -1 -1 -1 -1 
5 1 5 1 5 1 
-1 -1 -1 -1 -1 -1 
Reached end with 18 flowers.
0 6 4 6 0 6 
-1 -1 -1 -1 -1 -1 
2 3 2 3 2 3 
-1 -1 -1 -1 -1 -1 
1 5 1 5 1 5 
-1 -1 -1 -1 -1 -1 
Reached end with 18 flowers.
0 6 4 6 0 6 
-1 -1 -1 -1 -1 -1 
2 3 2 3 2 3 
-1 -1 -1 -1 -1 -1 
5 1 5 1 5 1 
-1 -1 -1 -1 -1 -1 
Reached end with 18 flowers.
0 6 4 6 0 6 
-1 -1 -1 -1 -1 -1 
3 2 3 2 3 2 
-1 -1 -1 -1 -1 -1 
1 5 1 5 1 5 
-1 -1 -1 -1 -1 -1 
Reached end with 18 flowers.
0 6 4 6 0 6 
-1 -1 -1 -1 -1 -1 
3 2 3 2 3 2 
-1 -1 -1 -1 -1 -1 
5 1 5 1 5 1 
-1 -1 -1 -1 -1 -1 
Reached end with 18 flowers.
0 6 4 6 4 0 
-1 -1 -1 -1 -1 -1 
2 3 2 3 2 3 
-1 -1 -1 -1 -1 -1 
1 5 1 5 1 5 
-1 -1 -1 -1 -1 -1 
Reached end with 18 flowers.
0 6 4 6 4 0 
-1 -1 -1 -1 -1 -1 
2 3 2 3 2 3 
-1 -1 -1 -1 -1 -1 
5 1 5 1 5 1 
-1 -1 -1 -1 -1 -1 
Reached end with 18 flowers.
0 6 4 6 4 0 
-1 -1 -1 -1 -1 -1 
3 2 3 2 3 2 
-1 -1 -1 -1 -1 -1 
1 5 1 5 1 5 
-1 -1 -1 -1 -1 -1 
Reached end with 18 flowers.
0 6 4 6 4 0 
-1 -1 -1 -1 -1 -1 
3 2 3 2 3 2 
-1 -1 -1 -1 -1 -1 
5 1 5 1 5 1 
-1 -1 -1 -1 -1 -1 
Reached end with 18 flowers.
0 6 4 6 4 6 
-1 -1 -1 -1 -1 -1 
2 3 2 3 2 3 
-1 -1 -1 -1 -1 -1 
1 5 1 5 1 5 
-1 -1 -1 -1 -1 -1 
Reached end with 18 flowers.
0 6 4 6 4 6 
-1 -1 -1 -1 -1 -1 
2 3 2 3 2 3 
-1 -1 -1 -1 -1 -1 
5 1 5 1 5 1 
-1 -1 -1 -1 -1 -1 
Reached end with 18 flowers.
0 6 4 6 4 6 
-1 -1 -1 -1 -1 -1 
3 2 3 2 3 2 
-1 -1 -1 -1 -1 -1 
1 5 1 5 1 5 
-1 -1 -1 -1 -1 -1 
Reached end with 18 flowers.
0 6 4 6 4 6 
-1 -1 -1 -1 -1 -1 
3 2 3 2 3 2 
-1 -1 -1 -1 -1 -1 
5 1 5 1 5 1 
-1 -1 -1 -1 -1 -1 
Reached end with 18 flowers.
4 0 4 0 4 0 
-1 -1 -1 -1 -1 -1 
2 3 2 3 2 3 
-1 -1 -1 -1 -1 -1 
1 5 1 5 1 5 
-1 -1 -1 -1 -1 -1 
Reached end with 18 flowers.
4 0 4 0 4 0 
-1 -1 -1 -1 -1 -1 
2 3 2 3 2 3 
-1 -1 -1 -1 -1 -1 
5 1 5 1 5 1 
-1 -1 -1 -1 -1 -1 
Reached end with 18 flowers.
4 0 4 0 4 0 
-1 -1 -1 -1 -1 -1 
3 2 3 2 3 2 
-1 -1 -1 -1 -1 -1 
1 5 1 5 1 5 
-1 -1 -1 -1 -1 -1 
Reached end with 18 flowers.
4 0 4 0 4 0 
-1 -1 -1 -1 -1 -1 
3 2 3 2 3 2 
-1 -1 -1 -1 -1 -1 
5 1 5 1 5 1 
-1 -1 -1 -1 -1 -1 
Reached end with 18 flowers.
4 0 4 0 4 6 
-1 -1 -1 -1 -1 -1 
2 3 2 3 2 3 
-1 -1 -1 -1 -1 -1 
1 5 1 5 1 5 
-1 -1 -1 -1 -1 -1 
Reached end with 18 flowers.
4 0 4 0 4 6 
-1 -1 -1 -1 -1 -1 
2 3 2 3 2 3 
-1 -1 -1 -1 -1 -1 
5 1 5 1 5 1 
-1 -1 -1 -1 -1 -1 
Reached end with 18 flowers.
4 0 4 0 4 6 
-1 -1 -1 -1 -1 -1 
3 2 3 2 3 2 
-1 -1 -1 -1 -1 -1 
1 5 1 5 1 5 
-1 -1 -1 -1 -1 -1 
Reached end with 18 flowers.
4 0 4 0 4 6 
-1 -1 -1 -1 -1 -1 
3 2 3 2 3 2 
-1 -1 -1 -1 -1 -1 
5 1 5 1 5 1 
-1 -1 -1 -1 -1 -1 
Reached end with 18 flowers.
4 0 4 0 6 0 
-1 -1 -1 -1 -1 -1 
2 3 2 3 2 3 
-1 -1 -1 -1 -1 -1 
1 5 1 5 1 5 
-1 -1 -1 -1 -1 -1 
Reached end with 18 flowers.
4 0 4 0 6 0 
-1 -1 -1 -1 -1 -1 
2 3 2 3 2 3 
-1 -1 -1 -1 -1 -1 
5 1 5 1 5 1 
-1 -1 -1 -1 -1 -1 
Reached end with 18 flowers.
4 0 4 0 6 0 
-1 -1 -1 -1 -1 -1 
3 2 3 2 3 2 
-1 -1 -1 -1 -1 -1 
1 5 1 5 1 5 
-1 -1 -1 -1 -1 -1 
Reached end with 18 flowers.
4 0 4 0 6 0 
-1 -1 -1 -1 -1 -1 
3 2 3 2 3 2 
-1 -1 -1 -1 -1 -1 
5 1 5 1 5 1 
-1 -1 -1 -1 -1 -1 
Reached end with 18 flowers.
4 0 4 0 6 4 
-1 -1 -1 -1 -1 -1 
2 3 2 3 2 3 
-1 -1 -1 -1 -1 -1 
1 5 1 5 1 5 
-1 -1 -1 -1 -1 -1 
Reached end with 18 flowers.
4 0 4 0 6 4 
-1 -1 -1 -1 -1 -1 
2 3 2 3 2 3 
-1 -1 -1 -1 -1 -1 
5 1 5 1 5 1 
-1 -1 -1 -1 -1 -1 
Reached end with 18 flowers.
4 0 4 0 6 4 
-1 -1 -1 -1 -1 -1 
3 2 3 2 3 2 
-1 -1 -1 -1 -1 -1 
1 5 1 5 1 5 
-1 -1 -1 -1 -1 -1 
Reached end with 18 flowers.
4 0 4 0 6 4 
-1 -1 -1 -1 -1 -1 
3 2 3 2 3 2 
-1 -1 -1 -1 -1 -1 
5 1 5 1 5 1 
-1 -1 -1 -1 -1 -1 
Reached end with 18 flowers.
4 0 4 6 0 4 
-1 -1 -1 -1 -1 -1 
2 3 2 3 2 3 
-1 -1 -1 -1 -1 -1 
1 5 1 5 1 5 
-1 -1 -1 -1 -1 -1 
Reached end with 18 flowers.
4 0 4 6 0 4 
-1 -1 -1 -1 -1 -1 
2 3 2 3 2 3 
-1 -1 -1 -1 -1 -1 
5 1 5 1 5 1 
-1 -1 -1 -1 -1 -1 
Reached end with 18 flowers.
4 0 4 6 0 4 
-1 -1 -1 -1 -1 -1 
3 2 3 2 3 2 
-1 -1 -1 -1 -1 -1 
1 5 1 5 1 5 
-1 -1 -1 -1 -1 -1 
Reached end with 18 flowers.
4 0 4 6 0 4 
-1 -1 -1 -1 -1 -1 
3 2 3 2 3 2 
-1 -1 -1 -1 -1 -1 
5 1 5 1 5 1 
-1 -1 -1 -1 -1 -1 
Reached end with 18 flowers.
4 0 4 6 0 6 
-1 -1 -1 -1 -1 -1 
2 3 2 3 2 3 
-1 -1 -1 -1 -1 -1 
1 5 1 5 1 5 
-1 -1 -1 -1 -1 -1 
Reached end with 18 flowers.
4 0 4 6 0 6 
-1 -1 -1 -1 -1 -1 
2 3 2 3 2 3 
-1 -1 -1 -1 -1 -1 
5 1 5 1 5 1 
-1 -1 -1 -1 -1 -1 
Reached end with 18 flowers.
4 0 4 6 0 6 
-1 -1 -1 -1 -1 -1 
3 2 3 2 3 2 
-1 -1 -1 -1 -1 -1 
1 5 1 5 1 5 
-1 -1 -1 -1 -1 -1 
Reached end with 18 flowers.
4 0 4 6 0 6 
-1 -1 -1 -1 -1 -1 
3 2 3 2 3 2 
-1 -1 -1 -1 -1 -1 
5 1 5 1 5 1 
-1 -1 -1 -1 -1 -1 
Reached end with 18 flowers.
4 0 4 6 4 0 
-1 -1 -1 -1 -1 -1 
2 3 2 3 2 3 
-1 -1 -1 -1 -1 -1 
1 5 1 5 1 5 
-1 -1 -1 -1 -1 -1 
Reached end with 18 flowers.
4 0 4 6 4 0 
-1 -1 -1 -1 -1 -1 
2 3 2 3 2 3 
-1 -1 -1 -1 -1 -1 
5 1 5 1 5 1 
-1 -1 -1 -1 -1 -1 
Reached end with 18 flowers.
4 0 4 6 4 0 
-1 -1 -1 -1 -1 -1 
3 2 3 2 3 2 
-1 -1 -1 -1 -1 -1 
1 5 1 5 1 5 
-1 -1 -1 -1 -1 -1 
Reached end with 18 flowers.
4 0 4 6 4 0 
-1 -1 -1 -1 -1 -1 
3 2 3 2 3 2 
-1 -1 -1 -1 -1 -1 
5 1 5 1 5 1 
-1 -1 -1 -1 -1 -1 
Reached end with 18 flowers.
4 0 4 6 4 6 
-1 -1 -1 -1 -1 -1 
2 3 2 3 2 3 
-1 -1 -1 -1 -1 -1 
1 5 1 5 1 5 
-1 -1 -1 -1 -1 -1 
Reached end with 18 flowers.
4 0 4 6 4 6 
-1 -1 -1 -1 -1 -1 
2 3 2 3 2 3 
-1 -1 -1 -1 -1 -1 
5 1 5 1 5 1 
-1 -1 -1 -1 -1 -1 
Reached end with 18 flowers.
4 0 4 6 4 6 
-1 -1 -1 -1 -1 -1 
3 2 3 2 3 2 
-1 -1 -1 -1 -1 -1 
1 5 1 5 1 5 
-1 -1 -1 -1 -1 -1 
Reached end with 18 flowers.
4 0 4 6 4 6 
-1 -1 -1 -1 -1 -1 
3 2 3 2 3 2 
-1 -1 -1 -1 -1 -1 
5 1 5 1 5 1 
-1 -1 -1 -1 -1 -1 
Reached end with 18 flowers.
4 0 6 0 4 0 
-1 -1 -1 -1 -1 -1 
2 3 2 3 2 3 
-1 -1 -1 -1 -1 -1 
1 5 1 5 1 5 
-1 -1 -1 -1 -1 -1 
Reached end with 18 flowers.
4 0 6 0 4 0 
-1 -1 -1 -1 -1 -1 
2 3 2 3 2 3 
-1 -1 -1 -1 -1 -1 
5 1 5 1 5 1 
-1 -1 -1 -1 -1 -1 
Reached end with 18 flowers.
4 0 6 0 4 0 
-1 -1 -1 -1 -1 -1 
3 2 3 2 3 2 
-1 -1 -1 -1 -1 -1 
1 5 1 5 1 5 
-1 -1 -1 -1 -1 -1 
Reached end with 18 flowers.
4 0 6 0 4 0 
-1 -1 -1 -1 -1 -1 
3 2 3 2 3 2 
-1 -1 -1 -1 -1 -1 
5 1 5 1 5 1 
-1 -1 -1 -1 -1 -1 
Reached end with 18 flowers.
4 0 6 0 4 6 
-1 -1 -1 -1 -1 -1 
2 3 2 3 2 3 
-1 -1 -1 -1 -1 -1 
1 5 1 5 1 5 
-1 -1 -1 -1 -1 -1 
Reached end with 18 flowers.
4 0 6 0 4 6 
-1 -1 -1 -1 -1 -1 
2 3 2 3 2 3 
-1 -1 -1 -1 -1 -1 
5 1 5 1 5 1 
-1 -1 -1 -1 -1 -1 
Reached end with 18 flowers.
4 0 6 0 4 6 
-1 -1 -1 -1 -1 -1 
3 2 3 2 3 2 
-1 -1 -1 -1 -1 -1 
1 5 1 5 1 5 
-1 -1 -1 -1 -1 -1 
Reached end with 18 flowers.
4 0 6 0 4 6 
-1 -1 -1 -1 -1 -1 
3 2 3 2 3 2 
-1 -1 -1 -1 -1 -1 
5 1 5 1 5 1 
-1 -1 -1 -1 -1 -1 
Reached end with 18 flowers.
4 0 6 0 6 0 
-1 -1 -1 -1 -1 -1 
2 3 2 3 2 3 
-1 -1 -1 -1 -1 -1 
1 5 1 5 1 5 
-1 -1 -1 -1 -1 -1 
Reached end with 18 flowers.
4 0 6 0 6 0 
-1 -1 -1 -1 -1 -1 
2 3 2 3 2 3 
-1 -1 -1 -1 -1 -1 
5 1 5 1 5 1 
-1 -1 -1 -1 -1 -1 
Reached end with 18 flowers.
4 0 6 0 6 0 
-1 -1 -1 -1 -1 -1 
3 2 3 2 3 2 
-1 -1 -1 -1 -1 -1 
1 5 1 5 1 5 
-1 -1 -1 -1 -1 -1 
Reached end with 18 flowers.
4 0 6 0 6 0 
-1 -1 -1 -1 -1 -1 
3 2 3 2 3 2 
-1 -1 -1 -1 -1 -1 
5 1 5 1 5 1 
-1 -1 -1 -1 -1 -1 
Reached end with 18 flowers.
4 0 6 0 6 4 
-1 -1 -1 -1 -1 -1 
2 3 2 3 2 3 
-1 -1 -1 -1 -1 -1 
1 5 1 5 1 5 
-1 -1 -1 -1 -1 -1 
Reached end with 18 flowers.
4 0 6 0 6 4 
-1 -1 -1 -1 -1 -1 
2 3 2 3 2 3 
-1 -1 -1 -1 -1 -1 
5 1 5 1 5 1 
-1 -1 -1 -1 -1 -1 
Reached end with 18 flowers.
4 0 6 0 6 4 
-1 -1 -1 -1 -1 -1 
3 2 3 2 3 2 
-1 -1 -1 -1 -1 -1 
1 5 1 5 1 5 
-1 -1 -1 -1 -1 -1 
Reached end with 18 flowers.
4 0 6 0 6 4 
-1 -1 -1 -1 -1 -1 
3 2 3 2 3 2 
-1 -1 -1 -1 -1 -1 
5 1 5 1 5 1 
-1 -1 -1 -1 -1 -1 
Reached end with 18 flowers.
4 0 6 4 0 4 
-1 -1 -1 -1 -1 -1 
2 3 2 3 2 3 
-1 -1 -1 -1 -1 -1 
1 5 1 5 1 5 
-1 -1 -1 -1 -1 -1 
Reached end with 18 flowers.
4 0 6 4 0 4 
-1 -1 -1 -1 -1 -1 
2 3 2 3 2 3 
-1 -1 -1 -1 -1 -1 
5 1 5 1 5 1 
-1 -1 -1 -1 -1 -1 
Reached end with 18 flowers.
4 0 6 4 0 4 
-1 -1 -1 -1 -1 -1 
3 2 3 2 3 2 
-1 -1 -1 -1 -1 -1 
1 5 1 5 1 5 
-1 -1 -1 -1 -1 -1 
Reached end with 18 flowers.
4 0 6 4 0 4 
-1 -1 -1 -1 -1 -1 
3 2 3 2 3 2 
-1 -1 -1 -1 -1 -1 
5 1 5 1 5 1 
-1 -1 -1 -1 -1 -1 
Reached end with 18 flowers.
4 0 6 4 0 6 
-1 -1 -1 -1 -1 -1 
2 3 2 3 2 3 
-1 -1 -1 -1 -1 -1 
1 5 1 5 1 5 
-1 -1 -1 -1 -1 -1 
Reached end with 18 flowers.
4 0 6 4 0 6 
-1 -1 -1 -1 -1 -1 
2 3 2 3 2 3 
-1 -1 -1 -1 -1 -1 
5 1 5 1 5 1 
-1 -1 -1 -1 -1 -1 
Reached end with 18 flowers.
4 0 6 4 0 6 
-1 -1 -1 -1 -1 -1 
3 2 3 2 3 2 
-1 -1 -1 -1 -1 -1 
1 5 1 5 1 5 
-1 -1 -1 -1 -1 -1 
Reached end with 18 flowers.
4 0 6 4 0 6 
-1 -1 -1 -1 -1 -1 
3 2 3 2 3 2 
-1 -1 -1 -1 -1 -1 
5 1 5 1 5 1 
-1 -1 -1 -1 -1 -1 
Reached end with 18 flowers.
4 0 6 4 6 0 
-1 -1 -1 -1 -1 -1 
2 3 2 3 2 3 
-1 -1 -1 -1 -1 -1 
1 5 1 5 1 5 
-1 -1 -1 -1 -1 -1 
Reached end with 18 flowers.
4 0 6 4 6 0 
-1 -1 -1 -1 -1 -1 
2 3 2 3 2 3 
-1 -1 -1 -1 -1 -1 
5 1 5 1 5 1 
-1 -1 -1 -1 -1 -1 
Reached end with 18 flowers.
4 0 6 4 6 0 
-1 -1 -1 -1 -1 -1 
3 2 3 2 3 2 
-1 -1 -1 -1 -1 -1 
1 5 1 5 1 5 
-1 -1 -1 -1 -1 -1 
Reached end with 18 flowers.
4 0 6 4 6 0 
-1 -1 -1 -1 -1 -1 
3 2 3 2 3 2 
-1 -1 -1 -1 -1 -1 
5 1 5 1 5 1 
-1 -1 -1 -1 -1 -1 
Reached end with 18 flowers.
4 0 6 4 6 4 
-1 -1 -1 -1 -1 -1 
2 3 2 3 2 3 
-1 -1 -1 -1 -1 -1 
1 5 1 5 1 5 
-1 -1 -1 -1 -1 -1 
Reached end with 18 flowers.
4 0 6 4 6 4 
-1 -1 -1 -1 -1 -1 
2 3 2 3 2 3 
-1 -1 -1 -1 -1 -1 
5 1 5 1 5 1 
-1 -1 -1 -1 -1 -1 
Reached end with 18 flowers.
4 0 6 4 6 4 
-1 -1 -1 -1 -1 -1 
3 2 3 2 3 2 
-1 -1 -1 -1 -1 -1 
1 5 1 5 1 5 
-1 -1 -1 -1 -1 -1 
Reached end with 18 flowers.
4 0 6 4 6 4 
-1 -1 -1 -1 -1 -1 
3 2 3 2 3 2 
-1 -1 -1 -1 -1 -1 
5 1 5 1 5 1 
-1 -1 -1 -1 -1 -1 
Reached end with 18 flowers.
4 6 0 4 0 4 
-1 -1 -1 -1 -1 -1 
2 3 2 3 2 3 
-1 -1 -1 -1 -1 -1 
1 5 1 5 1 5 
-1 -1 -1 -1 -1 -1 
Reached end with 18 flowers.
4 6 0 4 0 4 
-1 -1 -1 -1 -1 -1 
2 3 2 3 2 3 
-1 -1 -1 -1 -1 -1 
5 1 5 1 5 1 
-1 -1 -1 -1 -1 -1 
Reached end with 18 flowers.
4 6 0 4 0 4 
-1 -1 -1 -1 -1 -1 
3 2 3 2 3 2 
-1 -1 -1 -1 -1 -1 
1 5 1 5 1 5 
-1 -1 -1 -1 -1 -1 
Reached end with 18 flowers.
4 6 0 4 0 4 
-1 -1 -1 -1 -1 -1 
3 2 3 2 3 2 
-1 -1 -1 -1 -1 -1 
5 1 5 1 5 1 
-1 -1 -1 -1 -1 -1 
Reached end with 18 flowers.
4 6 0 4 0 6 
-1 -1 -1 -1 -1 -1 
2 3 2 3 2 3 
-1 -1 -1 -1 -1 -1 
1 5 1 5 1 5 
-1 -1 -1 -1 -1 -1 
Reached end with 18 flowers.
4 6 0 4 0 6 
-1 -1 -1 -1 -1 -1 
2 3 2 3 2 3 
-1 -1 -1 -1 -1 -1 
5 1 5 1 5 1 
-1 -1 -1 -1 -1 -1 
Reached end with 18 flowers.
4 6 0 4 0 6 
-1 -1 -1 -1 -1 -1 
3 2 3 2 3 2 
-1 -1 -1 -1 -1 -1 
1 5 1 5 1 5 
-1 -1 -1 -1 -1 -1 
Reached end with 18 flowers.
4 6 0 4 0 6 
-1 -1 -1 -1 -1 -1 
3 2 3 2 3 2 
-1 -1 -1 -1 -1 -1 
5 1 5 1 5 1 
-1 -1 -1 -1 -1 -1 
Reached end with 18 flowers.
4 6 0 4 6 0 
-1 -1 -1 -1 -1 -1 
2 3 2 3 2 3 
-1 -1 -1 -1 -1 -1 
1 5 1 5 1 5 
-1 -1 -1 -1 -1 -1 
Reached end with 18 flowers.
4 6 0 4 6 0 
-1 -1 -1 -1 -1 -1 
2 3 2 3 2 3 
-1 -1 -1 -1 -1 -1 
5 1 5 1 5 1 
-1 -1 -1 -1 -1 -1 
Reached end with 18 flowers.
4 6 0 4 6 0 
-1 -1 -1 -1 -1 -1 
3 2 3 2 3 2 
-1 -1 -1 -1 -1 -1 
1 5 1 5 1 5 
-1 -1 -1 -1 -1 -1 
Reached end with 18 flowers.
4 6 0 4 6 0 
-1 -1 -1 -1 -1 -1 
3 2 3 2 3 2 
-1 -1 -1 -1 -1 -1 
5 1 5 1 5 1 
-1 -1 -1 -1 -1 -1 
Reached end with 18 flowers.
4 6 0 4 6 4 
-1 -1 -1 -1 -1 -1 
2 3 2 3 2 3 
-1 -1 -1 -1 -1 -1 
1 5 1 5 1 5 
-1 -1 -1 -1 -1 -1 
Reached end with 18 flowers.
4 6 0 4 6 4 
-1 -1 -1 -1 -1 -1 
2 3 2 3 2 3 
-1 -1 -1 -1 -1 -1 
5 1 5 1 5 1 
-1 -1 -1 -1 -1 -1 
Reached end with 18 flowers.
4 6 0 4 6 4 
-1 -1 -1 -1 -1 -1 
3 2 3 2 3 2 
-1 -1 -1 -1 -1 -1 
1 5 1 5 1 5 
-1 -1 -1 -1 -1 -1 
Reached end with 18 flowers.
4 6 0 4 6 4 
-1 -1 -1 -1 -1 -1 
3 2 3 2 3 2 
-1 -1 -1 -1 -1 -1 
5 1 5 1 5 1 
-1 -1 -1 -1 -1 -1 
Reached end with 18 flowers.
4 6 0 6 0 4 
-1 -1 -1 -1 -1 -1 
2 3 2 3 2 3 
-1 -1 -1 -1 -1 -1 
1 5 1 5 1 5 
-1 -1 -1 -1 -1 -1 
Reached end with 18 flowers.
4 6 0 6 0 4 
-1 -1 -1 -1 -1 -1 
2 3 2 3 2 3 
-1 -1 -1 -1 -1 -1 
5 1 5 1 5 1 
-1 -1 -1 -1 -1 -1 
Reached end with 18 flowers.
4 6 0 6 0 4 
-1 -1 -1 -1 -1 -1 
3 2 3 2 3 2 
-1 -1 -1 -1 -1 -1 
1 5 1 5 1 5 
-1 -1 -1 -1 -1 -1 
Reached end with 18 flowers.
4 6 0 6 0 4 
-1 -1 -1 -1 -1 -1 
3 2 3 2 3 2 
-1 -1 -1 -1 -1 -1 
5 1 5 1 5 1 
-1 -1 -1 -1 -1 -1 
Reached end with 18 flowers.
4 6 0 6 0 6 
-1 -1 -1 -1 -1 -1 
2 3 2 3 2 3 
-1 -1 -1 -1 -1 -1 
1 5 1 5 1 5 
-1 -1 -1 -1 -1 -1 
Reached end with 18 flowers.
4 6 0 6 0 6 
-1 -1 -1 -1 -1 -1 
2 3 2 3 2 3 
-1 -1 -1 -1 -1 -1 
5 1 5 1 5 1 
-1 -1 -1 -1 -1 -1 
Reached end with 18 flowers.
4 6 0 6 0 6 
-1 -1 -1 -1 -1 -1 
3 2 3 2 3 2 
-1 -1 -1 -1 -1 -1 
1 5 1 5 1 5 
-1 -1 -1 -1 -1 -1 
Reached end with 18 flowers.
4 6 0 6 0 6 
-1 -1 -1 -1 -1 -1 
3 2 3 2 3 2 
-1 -1 -1 -1 -1 -1 
5 1 5 1 5 1 
-1 -1 -1 -1 -1 -1 
Reached end with 18 flowers.
4 6 0 6 4 0 
-1 -1 -1 -1 -1 -1 
2 3 2 3 2 3 
-1 -1 -1 -1 -1 -1 
1 5 1 5 1 5 
-1 -1 -1 -1 -1 -1 
Reached end with 18 flowers.
4 6 0 6 4 0 
-1 -1 -1 -1 -1 -1 
2 3 2 3 2 3 
-1 -1 -1 -1 -1 -1 
5 1 5 1 5 1 
-1 -1 -1 -1 -1 -1 
Reached end with 18 flowers.
4 6 0 6 4 0 
-1 -1 -1 -1 -1 -1 
3 2 3 2 3 2 
-1 -1 -1 -1 -1 -1 
1 5 1 5 1 5 
-1 -1 -1 -1 -1 -1 
Reached end with 18 flowers.
4 6 0 6 4 0 
-1 -1 -1 -1 -1 -1 
3 2 3 2 3 2 
-1 -1 -1 -1 -1 -1 
5 1 5 1 5 1 
-1 -1 -1 -1 -1 -1 
Reached end with 18 flowers.
4 6 0 6 4 6 
-1 -1 -1 -1 -1 -1 
2 3 2 3 2 3 
-1 -1 -1 -1 -1 -1 
1 5 1 5 1 5 
-1 -1 -1 -1 -1 -1 
Reached end with 18 flowers.
4 6 0 6 4 6 
-1 -1 -1 -1 -1 -1 
2 3 2 3 2 3 
-1 -1 -1 -1 -1 -1 
5 1 5 1 5 1 
-1 -1 -1 -1 -1 -1 
Reached end with 18 flowers.
4 6 0 6 4 6 
-1 -1 -1 -1 -1 -1 
3 2 3 2 3 2 
-1 -1 -1 -1 -1 -1 
1 5 1 5 1 5 
-1 -1 -1 -1 -1 -1 
Reached end with 18 flowers.
4 6 0 6 4 6 
-1 -1 -1 -1 -1 -1 
3 2 3 2 3 2 
-1 -1 -1 -1 -1 -1 
5 1 5 1 5 1 
-1 -1 -1 -1 -1 -1 
Reached end with 18 flowers.
4 6 4 0 4 0 
-1 -1 -1 -1 -1 -1 
2 3 2 3 2 3 
-1 -1 -1 -1 -1 -1 
1 5 1 5 1 5 
-1 -1 -1 -1 -1 -1 
Reached end with 18 flowers.
4 6 4 0 4 0 
-1 -1 -1 -1 -1 -1 
2 3 2 3 2 3 
-1 -1 -1 -1 -1 -1 
5 1 5 1 5 1 
-1 -1 -1 -1 -1 -1 
Reached end with 18 flowers.
4 6 4 0 4 0 
-1 -1 -1 -1 -1 -1 
3 2 3 2 3 2 
-1 -1 -1 -1 -1 -1 
1 5 1 5 1 5 
-1 -1 -1 -1 -1 -1 
Reached end with 18 flowers.
4 6 4 0 4 0 
-1 -1 -1 -1 -1 -1 
3 2 3 2 3 2 
-1 -1 -1 -1 -1 -1 
5 1 5 1 5 1 
-1 -1 -1 -1 -1 -1 
Reached end with 18 flowers.
4 6 4 0 4 6 
-1 -1 -1 -1 -1 -1 
2 3 2 3 2 3 
-1 -1 -1 -1 -1 -1 
1 5 1 5 1 5 
-1 -1 -1 -1 -1 -1 
Reached end with 18 flowers.
4 6 4 0 4 6 
-1 -1 -1 -1 -1 -1 
2 3 2 3 2 3 
-1 -1 -1 -1 -1 -1 
5 1 5 1 5 1 
-1 -1 -1 -1 -1 -1 
Reached end with 18 flowers.
4 6 4 0 4 6 
-1 -1 -1 -1 -1 -1 
3 2 3 2 3 2 
-1 -1 -1 -1 -1 -1 
1 5 1 5 1 5 
-1 -1 -1 -1 -1 -1 
Reached end with 18 flowers.
4 6 4 0 4 6 
-1 -1 -1 -1 -1 -1 
3 2 3 2 3 2 
-1 -1 -1 -1 -1 -1 
5 1 5 1 5 1 
-1 -1 -1 -1 -1 -1 
Reached end with 18 flowers.
4 6 4 0 6 0 
-1 -1 -1 -1 -1 -1 
2 3 2 3 2 3 
-1 -1 -1 -1 -1 -1 
1 5 1 5 1 5 
-1 -1 -1 -1 -1 -1 
Reached end with 18 flowers.
4 6 4 0 6 0 
-1 -1 -1 -1 -1 -1 
2 3 2 3 2 3 
-1 -1 -1 -1 -1 -1 
5 1 5 1 5 1 
-1 -1 -1 -1 -1 -1 
Reached end with 18 flowers.
4 6 4 0 6 0 
-1 -1 -1 -1 -1 -1 
3 2 3 2 3 2 
-1 -1 -1 -1 -1 -1 
1 5 1 5 1 5 
-1 -1 -1 -1 -1 -1 
Reached end with 18 flowers.
4 6 4 0 6 0 
-1 -1 -1 -1 -1 -1 
3 2 3 2 3 2 
-1 -1 -1 -1 -1 -1 
5 1 5 1 5 1 
-1 -1 -1 -1 -1 -1 
Reached end with 18 flowers.
4 6 4 0 6 4 
-1 -1 -1 -1 -1 -1 
2 3 2 3 2 3 
-1 -1 -1 -1 -1 -1 
1 5 1 5 1 5 
-1 -1 -1 -1 -1 -1 
Reached end with 18 flowers.
4 6 4 0 6 4 
-1 -1 -1 -1 -1 -1 
2 3 2 3 2 3 
-1 -1 -1 -1 -1 -1 
5 1 5 1 5 1 
-1 -1 -1 -1 -1 -1 
Reached end with 18 flowers.
4 6 4 0 6 4 
-1 -1 -1 -1 -1 -1 
3 2 3 2 3 2 
-1 -1 -1 -1 -1 -1 
1 5 1 5 1 5 
-1 -1 -1 -1 -1 -1 
Reached end with 18 flowers.
4 6 4 0 6 4 
-1 -1 -1 -1 -1 -1 
3 2 3 2 3 2 
-1 -1 -1 -1 -1 -1 
5 1 5 1 5 1 
-1 -1 -1 -1 -1 -1 
Reached end with 18 flowers.
4 6 4 6 0 4 
-1 -1 -1 -1 -1 -1 
2 3 2 3 2 3 
-1 -1 -1 -1 -1 -1 
1 5 1 5 1 5 
-1 -1 -1 -1 -1 -1 
Reached end with 18 flowers.
4 6 4 6 0 4 
-1 -1 -1 -1 -1 -1 
2 3 2 3 2 3 
-1 -1 -1 -1 -1 -1 
5 1 5 1 5 1 
-1 -1 -1 -1 -1 -1 
Reached end with 18 flowers.
4 6 4 6 0 4 
-1 -1 -1 -1 -1 -1 
3 2 3 2 3 2 
-1 -1 -1 -1 -1 -1 
1 5 1 5 1 5 
-1 -1 -1 -1 -1 -1 
Reached end with 18 flowers.
4 6 4 6 0 4 
-1 -1 -1 -1 -1 -1 
3 2 3 2 3 2 
-1 -1 -1 -1 -1 -1 
5 1 5 1 5 1 
-1 -1 -1 -1 -1 -1 
Reached end with 18 flowers.
4 6 4 6 0 6 
-1 -1 -1 -1 -1 -1 
2 3 2 3 2 3 
-1 -1 -1 -1 -1 -1 
1 5 1 5 1 5 
-1 -1 -1 -1 -1 -1 
Reached end with 18 flowers.
4 6 4 6 0 6 
-1 -1 -1 -1 -1 -1 
2 3 2 3 2 3 
-1 -1 -1 -1 -1 -1 
5 1 5 1 5 1 
-1 -1 -1 -1 -1 -1 
Reached end with 18 flowers.
4 6 4 6 0 6 
-1 -1 -1 -1 -1 -1 
3 2 3 2 3 2 
-1 -1 -1 -1 -1 -1 
1 5 1 5 1 5 
-1 -1 -1 -1 -1 -1 
Reached end with 18 flowers.
4 6 4 6 0 6 
-1 -1 -1 -1 -1 -1 
3 2 3 2 3 2 
-1 -1 -1 -1 -1 -1 
5 1 5 1 5 1 
-1 -1 -1 -1 -1 -1 
Reached end with 18 flowers.
4 6 4 6 4 0 
-1 -1 -1 -1 -1 -1 
2 3 2 3 2 3 
-1 -1 -1 -1 -1 -1 
1 5 1 5 1 5 
-1 -1 -1 -1 -1 -1 
Reached end with 18 flowers.
4 6 4 6 4 0 
-1 -1 -1 -1 -1 -1 
2 3 2 3 2 3 
-1 -1 -1 -1 -1 -1 
5 1 5 1 5 1 
-1 -1 -1 -1 -1 -1 
Reached end with 18 flowers.
4 6 4 6 4 0 
-1 -1 -1 -1 -1 -1 
3 2 3 2 3 2 
-1 -1 -1 -1 -1 -1 
1 5 1 5 1 5 
-1 -1 -1 -1 -1 -1 
Reached end with 18 flowers.
4 6 4 6 4 0 
-1 -1 -1 -1 -1 -1 
3 2 3 2 3 2 
-1 -1 -1 -1 -1 -1 
5 1 5 1 5 1 
-1 -1 -1 -1 -1 -1 
Reached end with 18 flowers.
4 6 4 6 4 6 
-1 -1 -1 -1 -1 -1 
2 3 2 3 2 3 
-1 -1 -1 -1 -1 -1 
1 5 1 5 1 5 
-1 -1 -1 -1 -1 -1 
Reached end with 18 flowers.
4 6 4 6 4 6 
-1 -1 -1 -1 -1 -1 
2 3 2 3 2 3 
-1 -1 -1 -1 -1 -1 
5 1 5 1 5 1 
-1 -1 -1 -1 -1 -1 
Reached end with 18 flowers.
4 6 4 6 4 6 
-1 -1 -1 -1 -1 -1 
3 2 3 2 3 2 
-1 -1 -1 -1 -1 -1 
1 5 1 5 1 5 
-1 -1 -1 -1 -1 -1 
Reached end with 18 flowers.
4 6 4 6 4 6 
-1 -1 -1 -1 -1 -1 
3 2 3 2 3 2 
-1 -1 -1 -1 -1 -1 
5 1 5 1 5 1 
-1 -1 -1 -1 -1 -1 
Reached end with 18 flowers.
6 0 4 0 4 0 
-1 -1 -1 -1 -1 -1 
2 3 2 3 2 3 
-1 -1 -1 -1 -1 -1 
1 5 1 5 1 5 
-1 -1 -1 -1 -1 -1 
Reached end with 18 flowers.
6 0 4 0 4 0 
-1 -1 -1 -1 -1 -1 
2 3 2 3 2 3 
-1 -1 -1 -1 -1 -1 
5 1 5 1 5 1 
-1 -1 -1 -1 -1 -1 
Reached end with 18 flowers.
6 0 4 0 4 0 
-1 -1 -1 -1 -1 -1 
3 2 3 2 3 2 
-1 -1 -1 -1 -1 -1 
1 5 1 5 1 5 
-1 -1 -1 -1 -1 -1 
Reached end with 18 flowers.
6 0 4 0 4 0 
-1 -1 -1 -1 -1 -1 
3 2 3 2 3 2 
-1 -1 -1 -1 -1 -1 
5 1 5 1 5 1 
-1 -1 -1 -1 -1 -1 
Reached end with 18 flowers.
6 0 4 0 4 6 
-1 -1 -1 -1 -1 -1 
2 3 2 3 2 3 
-1 -1 -1 -1 -1 -1 
1 5 1 5 1 5 
-1 -1 -1 -1 -1 -1 
Reached end with 18 flowers.
6 0 4 0 4 6 
-1 -1 -1 -1 -1 -1 
2 3 2 3 2 3 
-1 -1 -1 -1 -1 -1 
5 1 5 1 5 1 
-1 -1 -1 -1 -1 -1 
Reached end with 18 flowers.
6 0 4 0 4 6 
-1 -1 -1 -1 -1 -1 
3 2 3 2 3 2 
-1 -1 -1 -1 -1 -1 
1 5 1 5 1 5 
-1 -1 -1 -1 -1 -1 
Reached end with 18 flowers.
6 0 4 0 4 6 
-1 -1 -1 -1 -1 -1 
3 2 3 2 3 2 
-1 -1 -1 -1 -1 -1 
5 1 5 1 5 1 
-1 -1 -1 -1 -1 -1 
Reached end with 18 flowers.
6 0 4 0 6 0 
-1 -1 -1 -1 -1 -1 
2 3 2 3 2 3 
-1 -1 -1 -1 -1 -1 
1 5 1 5 1 5 
-1 -1 -1 -1 -1 -1 
Reached end with 18 flowers.
6 0 4 0 6 0 
-1 -1 -1 -1 -1 -1 
2 3 2 3 2 3 
-1 -1 -1 -1 -1 -1 
5 1 5 1 5 1 
-1 -1 -1 -1 -1 -1 
Reached end with 18 flowers.
6 0 4 0 6 0 
-1 -1 -1 -1 -1 -1 
3 2 3 2 3 2 
-1 -1 -1 -1 -1 -1 
1 5 1 5 1 5 
-1 -1 -1 -1 -1 -1 
Reached end with 18 flowers.
6 0 4 0 6 0 
-1 -1 -1 -1 -1 -1 
3 2 3 2 3 2 
-1 -1 -1 -1 -1 -1 
5 1 5 1 5 1 
-1 -1 -1 -1 -1 -1 
Reached end with 18 flowers.
6 0 4 0 6 4 
-1 -1 -1 -1 -1 -1 
2 3 2 3 2 3 
-1 -1 -1 -1 -1 -1 
1 5 1 5 1 5 
-1 -1 -1 -1 -1 -1 
Reached end with 18 flowers.
6 0 4 0 6 4 
-1 -1 -1 -1 -1 -1 
2 3 2 3 2 3 
-1 -1 -1 -1 -1 -1 
5 1 5 1 5 1 
-1 -1 -1 -1 -1 -1 
Reached end with 18 flowers.
6 0 4 0 6 4 
-1 -1 -1 -1 -1 -1 
3 2 3 2 3 2 
-1 -1 -1 -1 -1 -1 
1 5 1 5 1 5 
-1 -1 -1 -1 -1 -1 
Reached end with 18 flowers.
6 0 4 0 6 4 
-1 -1 -1 -1 -1 -1 
3 2 3 2 3 2 
-1 -1 -1 -1 -1 -1 
5 1 5 1 5 1 
-1 -1 -1 -1 -1 -1 
Reached end with 18 flowers.
6 0 4 6 0 4 
-1 -1 -1 -1 -1 -1 
2 3 2 3 2 3 
-1 -1 -1 -1 -1 -1 
1 5 1 5 1 5 
-1 -1 -1 -1 -1 -1 
Reached end with 18 flowers.
6 0 4 6 0 4 
-1 -1 -1 -1 -1 -1 
2 3 2 3 2 3 
-1 -1 -1 -1 -1 -1 
5 1 5 1 5 1 
-1 -1 -1 -1 -1 -1 
Reached end with 18 flowers.
6 0 4 6 0 4 
-1 -1 -1 -1 -1 -1 
3 2 3 2 3 2 
-1 -1 -1 -1 -1 -1 
1 5 1 5 1 5 
-1 -1 -1 -1 -1 -1 
Reached end with 18 flowers.
6 0 4 6 0 4 
-1 -1 -1 -1 -1 -1 
3 2 3 2 3 2 
-1 -1 -1 -1 -1 -1 
5 1 5 1 5 1 
-1 -1 -1 -1 -1 -1 
Reached end with 18 flowers.
6 0 4 6 0 6 
-1 -1 -1 -1 -1 -1 
2 3 2 3 2 3 
-1 -1 -1 -1 -1 -1 
1 5 1 5 1 5 
-1 -1 -1 -1 -1 -1 
Reached end with 18 flowers.
6 0 4 6 0 6 
-1 -1 -1 -1 -1 -1 
2 3 2 3 2 3 
-1 -1 -1 -1 -1 -1 
5 1 5 1 5 1 
-1 -1 -1 -1 -1 -1 
Reached end with 18 flowers.
6 0 4 6 0 6 
-1 -1 -1 -1 -1 -1 
3 2 3 2 3 2 
-1 -1 -1 -1 -1 -1 
1 5 1 5 1 5 
-1 -1 -1 -1 -1 -1 
Reached end with 18 flowers.
6 0 4 6 0 6 
-1 -1 -1 -1 -1 -1 
3 2 3 2 3 2 
-1 -1 -1 -1 -1 -1 
5 1 5 1 5 1 
-1 -1 -1 -1 -1 -1 
Reached end with 18 flowers.
6 0 4 6 4 0 
-1 -1 -1 -1 -1 -1 
2 3 2 3 2 3 
-1 -1 -1 -1 -1 -1 
1 5 1 5 1 5 
-1 -1 -1 -1 -1 -1 
Reached end with 18 flowers.
6 0 4 6 4 0 
-1 -1 -1 -1 -1 -1 
2 3 2 3 2 3 
-1 -1 -1 -1 -1 -1 
5 1 5 1 5 1 
-1 -1 -1 -1 -1 -1 
Reached end with 18 flowers.
6 0 4 6 4 0 
-1 -1 -1 -1 -1 -1 
3 2 3 2 3 2 
-1 -1 -1 -1 -1 -1 
1 5 1 5 1 5 
-1 -1 -1 -1 -1 -1 
Reached end with 18 flowers.
6 0 4 6 4 0 
-1 -1 -1 -1 -1 -1 
3 2 3 2 3 2 
-1 -1 -1 -1 -1 -1 
5 1 5 1 5 1 
-1 -1 -1 -1 -1 -1 
Reached end with 18 flowers.
6 0 4 6 4 6 
-1 -1 -1 -1 -1 -1 
2 3 2 3 2 3 
-1 -1 -1 -1 -1 -1 
1 5 1 5 1 5 
-1 -1 -1 -1 -1 -1 
Reached end with 18 flowers.
6 0 4 6 4 6 
-1 -1 -1 -1 -1 -1 
2 3 2 3 2 3 
-1 -1 -1 -1 -1 -1 
5 1 5 1 5 1 
-1 -1 -1 -1 -1 -1 
Reached end with 18 flowers.
6 0 4 6 4 6 
-1 -1 -1 -1 -1 -1 
3 2 3 2 3 2 
-1 -1 -1 -1 -1 -1 
1 5 1 5 1 5 
-1 -1 -1 -1 -1 -1 
Reached end with 18 flowers.
6 0 4 6 4 6 
-1 -1 -1 -1 -1 -1 
3 2 3 2 3 2 
-1 -1 -1 -1 -1 -1 
5 1 5 1 5 1 
-1 -1 -1 -1 -1 -1 
Reached end with 18 flowers.
6 0 6 0 4 0 
-1 -1 -1 -1 -1 -1 
2 3 2 3 2 3 
-1 -1 -1 -1 -1 -1 
1 5 1 5 1 5 
-1 -1 -1 -1 -1 -1 
Reached end with 18 flowers.
6 0 6 0 4 0 
-1 -1 -1 -1 -1 -1 
2 3 2 3 2 3 
-1 -1 -1 -1 -1 -1 
5 1 5 1 5 1 
-1 -1 -1 -1 -1 -1 
Reached end with 18 flowers.
6 0 6 0 4 0 
-1 -1 -1 -1 -1 -1 
3 2 3 2 3 2 
-1 -1 -1 -1 -1 -1 
1 5 1 5 1 5 
-1 -1 -1 -1 -1 -1 
Reached end with 18 flowers.
6 0 6 0 4 0 
-1 -1 -1 -1 -1 -1 
3 2 3 2 3 2 
-1 -1 -1 -1 -1 -1 
5 1 5 1 5 1 
-1 -1 -1 -1 -1 -1 
Reached end with 18 flowers.
6 0 6 0 4 6 
-1 -1 -1 -1 -1 -1 
2 3 2 3 2 3 
-1 -1 -1 -1 -1 -1 
1 5 1 5 1 5 
-1 -1 -1 -1 -1 -1 
Reached end with 18 flowers.
6 0 6 0 4 6 
-1 -1 -1 -1 -1 -1 
2 3 2 3 2 3 
-1 -1 -1 -1 -1 -1 
5 1 5 1 5 1 
-1 -1 -1 -1 -1 -1 
Reached end with 18 flowers.
6 0 6 0 4 6 
-1 -1 -1 -1 -1 -1 
3 2 3 2 3 2 
-1 -1 -1 -1 -1 -1 
1 5 1 5 1 5 
-1 -1 -1 -1 -1 -1 
Reached end with 18 flowers.
6 0 6 0 4 6 
-1 -1 -1 -1 -1 -1 
3 2 3 2 3 2 
-1 -1 -1 -1 -1 -1 
5 1 5 1 5 1 
-1 -1 -1 -1 -1 -1 
Reached end with 18 flowers.
6 0 6 0 6 0 
-1 -1 -1 -1 -1 -1 
2 3 2 3 2 3 
-1 -1 -1 -1 -1 -1 
1 5 1 5 1 5 
-1 -1 -1 -1 -1 -1 
Reached end with 18 flowers.
6 0 6 0 6 0 
-1 -1 -1 -1 -1 -1 
2 3 2 3 2 3 
-1 -1 -1 -1 -1 -1 
5 1 5 1 5 1 
-1 -1 -1 -1 -1 -1 
Reached end with 18 flowers.
6 0 6 0 6 0 
-1 -1 -1 -1 -1 -1 
3 2 3 2 3 2 
-1 -1 -1 -1 -1 -1 
1 5 1 5 1 5 
-1 -1 -1 -1 -1 -1 
Reached end with 18 flowers.
6 0 6 0 6 0 
-1 -1 -1 -1 -1 -1 
3 2 3 2 3 2 
-1 -1 -1 -1 -1 -1 
5 1 5 1 5 1 
-1 -1 -1 -1 -1 -1 
Reached end with 18 flowers.
6 0 6 0 6 4 
-1 -1 -1 -1 -1 -1 
2 3 2 3 2 3 
-1 -1 -1 -1 -1 -1 
1 5 1 5 1 5 
-1 -1 -1 -1 -1 -1 
Reached end with 18 flowers.
6 0 6 0 6 4 
-1 -1 -1 -1 -1 -1 
2 3 2 3 2 3 
-1 -1 -1 -1 -1 -1 
5 1 5 1 5 1 
-1 -1 -1 -1 -1 -1 
Reached end with 18 flowers.
6 0 6 0 6 4 
-1 -1 -1 -1 -1 -1 
3 2 3 2 3 2 
-1 -1 -1 -1 -1 -1 
1 5 1 5 1 5 
-1 -1 -1 -1 -1 -1 
Reached end with 18 flowers.
6 0 6 0 6 4 
-1 -1 -1 -1 -1 -1 
3 2 3 2 3 2 
-1 -1 -1 -1 -1 -1 
5 1 5 1 5 1 
-1 -1 -1 -1 -1 -1 
Reached end with 18 flowers.
6 0 6 4 0 4 
-1 -1 -1 -1 -1 -1 
2 3 2 3 2 3 
-1 -1 -1 -1 -1 -1 
1 5 1 5 1 5 
-1 -1 -1 -1 -1 -1 
Reached end with 18 flowers.
6 0 6 4 0 4 
-1 -1 -1 -1 -1 -1 
2 3 2 3 2 3 
-1 -1 -1 -1 -1 -1 
5 1 5 1 5 1 
-1 -1 -1 -1 -1 -1 
Reached end with 18 flowers.
6 0 6 4 0 4 
-1 -1 -1 -1 -1 -1 
3 2 3 2 3 2 
-1 -1 -1 -1 -1 -1 
1 5 1 5 1 5 
-1 -1 -1 -1 -1 -1 
Reached end with 18 flowers.
6 0 6 4 0 4 
-1 -1 -1 -1 -1 -1 
3 2 3 2 3 2 
-1 -1 -1 -1 -1 -1 
5 1 5 1 5 1 
-1 -1 -1 -1 -1 -1 
Reached end with 18 flowers.
6 0 6 4 0 6 
-1 -1 -1 -1 -1 -1 
2 3 2 3 2 3 
-1 -1 -1 -1 -1 -1 
1 5 1 5 1 5 
-1 -1 -1 -1 -1 -1 
Reached end with 18 flowers.
6 0 6 4 0 6 
-1 -1 -1 -1 -1 -1 
2 3 2 3 2 3 
-1 -1 -1 -1 -1 -1 
5 1 5 1 5 1 
-1 -1 -1 -1 -1 -1 
Reached end with 18 flowers.
6 0 6 4 0 6 
-1 -1 -1 -1 -1 -1 
3 2 3 2 3 2 
-1 -1 -1 -1 -1 -1 
1 5 1 5 1 5 
-1 -1 -1 -1 -1 -1 
Reached end with 18 flowers.
6 0 6 4 0 6 
-1 -1 -1 -1 -1 -1 
3 2 3 2 3 2 
-1 -1 -1 -1 -1 -1 
5 1 5 1 5 1 
-1 -1 -1 -1 -1 -1 
Reached end with 18 flowers.
6 0 6 4 6 0 
-1 -1 -1 -1 -1 -1 
2 3 2 3 2 3 
-1 -1 -1 -1 -1 -1 
1 5 1 5 1 5 
-1 -1 -1 -1 -1 -1 
Reached end with 18 flowers.
6 0 6 4 6 0 
-1 -1 -1 -1 -1 -1 
2 3 2 3 2 3 
-1 -1 -1 -1 -1 -1 
5 1 5 1 5 1 
-1 -1 -1 -1 -1 -1 
Reached end with 18 flowers.
6 0 6 4 6 0 
-1 -1 -1 -1 -1 -1 
3 2 3 2 3 2 
-1 -1 -1 -1 -1 -1 
1 5 1 5 1 5 
-1 -1 -1 -1 -1 -1 
Reached end with 18 flowers.
6 0 6 4 6 0 
-1 -1 -1 -1 -1 -1 
3 2 3 2 3 2 
-1 -1 -1 -1 -1 -1 
5 1 5 1 5 1 
-1 -1 -1 -1 -1 -1 
Reached end with 18 flowers.
6 0 6 4 6 4 
-1 -1 -1 -1 -1 -1 
2 3 2 3 2 3 
-1 -1 -1 -1 -1 -1 
1 5 1 5 1 5 
-1 -1 -1 -1 -1 -1 
Reached end with 18 flowers.
6 0 6 4 6 4 
-1 -1 -1 -1 -1 -1 
2 3 2 3 2 3 
-1 -1 -1 -1 -1 -1 
5 1 5 1 5 1 
-1 -1 -1 -1 -1 -1 
Reached end with 18 flowers.
6 0 6 4 6 4 
-1 -1 -1 -1 -1 -1 
3 2 3 2 3 2 
-1 -1 -1 -1 -1 -1 
1 5 1 5 1 5 
-1 -1 -1 -1 -1 -1 
Reached end with 18 flowers.
6 0 6 4 6 4 
-1 -1 -1 -1 -1 -1 
3 2 3 2 3 2 
-1 -1 -1 -1 -1 -1 
5 1 5 1 5 1 
-1 -1 -1 -1 -1 -1 
Reached end with 18 flowers.
6 4 0 4 0 4 
-1 -1 -1 -1 -1 -1 
2 3 2 3 2 3 
-1 -1 -1 -1 -1 -1 
1 5 1 5 1 5 
-1 -1 -1 -1 -1 -1 
Reached end with 18 flowers.
6 4 0 4 0 4 
-1 -1 -1 -1 -1 -1 
2 3 2 3 2 3 
-1 -1 -1 -1 -1 -1 
5 1 5 1 5 1 
-1 -1 -1 -1 -1 -1 
Reached end with 18 flowers.
6 4 0 4 0 4 
-1 -1 -1 -1 -1 -1 
3 2 3 2 3 2 
-1 -1 -1 -1 -1 -1 
1 5 1 5 1 5 
-1 -1 -1 -1 -1 -1 
Reached end with 18 flowers.
6 4 0 4 0 4 
-1 -1 -1 -1 -1 -1 
3 2 3 2 3 2 
-1 -1 -1 -1 -1 -1 
5 1 5 1 5 1 
-1 -1 -1 -1 -1 -1 
Reached end with 18 flowers.
6 4 0 4 0 6 
-1 -1 -1 -1 -1 -1 
2 3 2 3 2 3 
-1 -1 -1 -1 -1 -1 
1 5 1 5 1 5 
-1 -1 -1 -1 -1 -1 
Reached end with 18 flowers.
6 4 0 4 0 6 
-1 -1 -1 -1 -1 -1 
2 3 2 3 2 3 
-1 -1 -1 -1 -1 -1 
5 1 5 1 5 1 
-1 -1 -1 -1 -1 -1 
Reached end with 18 flowers.
6 4 0 4 0 6 
-1 -1 -1 -1 -1 -1 
3 2 3 2 3 2 
-1 -1 -1 -1 -1 -1 
1 5 1 5 1 5 
-1 -1 -1 -1 -1 -1 
Reached end with 18 flowers.
6 4 0 4 0 6 
-1 -1 -1 -1 -1 -1 
3 2 3 2 3 2 
-1 -1 -1 -1 -1 -1 
5 1 5 1 5 1 
-1 -1 -1 -1 -1 -1 
Reached end with 18 flowers.
6 4 0 4 6 0 
-1 -1 -1 -1 -1 -1 
2 3 2 3 2 3 
-1 -1 -1 -1 -1 -1 
1 5 1 5 1 5 
-1 -1 -1 -1 -1 -1 
Reached end with 18 flowers.
6 4 0 4 6 0 
-1 -1 -1 -1 -1 -1 
2 3 2 3 2 3 
-1 -1 -1 -1 -1 -1 
5 1 5 1 5 1 
-1 -1 -1 -1 -1 -1 
Reached end with 18 flowers.
6 4 0 4 6 0 
-1 -1 -1 -1 -1 -1 
3 2 3 2 3 2 
-1 -1 -1 -1 -1 -1 
1 5 1 5 1 5 
-1 -1 -1 -1 -1 -1 
Reached end with 18 flowers.
6 4 0 4 6 0 
-1 -1 -1 -1 -1 -1 
3 2 3 2 3 2 
-1 -1 -1 -1 -1 -1 
5 1 5 1 5 1 
-1 -1 -1 -1 -1 -1 
Reached end with 18 flowers.
6 4 0 4 6 4 
-1 -1 -1 -1 -1 -1 
2 3 2 3 2 3 
-1 -1 -1 -1 -1 -1 
1 5 1 5 1 5 
-1 -1 -1 -1 -1 -1 
Reached end with 18 flowers.
6 4 0 4 6 4 
-1 -1 -1 -1 -1 -1 
2 3 2 3 2 3 
-1 -1 -1 -1 -1 -1 
5 1 5 1 5 1 
-1 -1 -1 -1 -1 -1 
Reached end with 18 flowers.
6 4 0 4 6 4 
-1 -1 -1 -1 -1 -1 
3 2 3 2 3 2 
-1 -1 -1 -1 -1 -1 
1 5 1 5 1 5 
-1 -1 -1 -1 -1 -1 
Reached end with 18 flowers.
6 4 0 4 6 4 
-1 -1 -1 -1 -1 -1 
3 2 3 2 3 2 
-1 -1 -1 -1 -1 -1 
5 1 5 1 5 1 
-1 -1 -1 -1 -1 -1 
Reached end with 18 flowers.
6 4 0 6 0 4 
-1 -1 -1 -1 -1 -1 
2 3 2 3 2 3 
-1 -1 -1 -1 -1 -1 
1 5 1 5 1 5 
-1 -1 -1 -1 -1 -1 
Reached end with 18 flowers.
6 4 0 6 0 4 
-1 -1 -1 -1 -1 -1 
2 3 2 3 2 3 
-1 -1 -1 -1 -1 -1 
5 1 5 1 5 1 
-1 -1 -1 -1 -1 -1 
Reached end with 18 flowers.
6 4 0 6 0 4 
-1 -1 -1 -1 -1 -1 
3 2 3 2 3 2 
-1 -1 -1 -1 -1 -1 
1 5 1 5 1 5 
-1 -1 -1 -1 -1 -1 
Reached end with 18 flowers.
6 4 0 6 0 4 
-1 -1 -1 -1 -1 -1 
3 2 3 2 3 2 
-1 -1 -1 -1 -1 -1 
5 1 5 1 5 1 
-1 -1 -1 -1 -1 -1 
Reached end with 18 flowers.
6 4 0 6 0 6 
-1 -1 -1 -1 -1 -1 
2 3 2 3 2 3 
-1 -1 -1 -1 -1 -1 
1 5 1 5 1 5 
-1 -1 -1 -1 -1 -1 
Reached end with 18 flowers.
6 4 0 6 0 6 
-1 -1 -1 -1 -1 -1 
2 3 2 3 2 3 
-1 -1 -1 -1 -1 -1 
5 1 5 1 5 1 
-1 -1 -1 -1 -1 -1 
Reached end with 18 flowers.
6 4 0 6 0 6 
-1 -1 -1 -1 -1 -1 
3 2 3 2 3 2 
-1 -1 -1 -1 -1 -1 
1 5 1 5 1 5 
-1 -1 -1 -1 -1 -1 
Reached end with 18 flowers.
6 4 0 6 0 6 
-1 -1 -1 -1 -1 -1 
3 2 3 2 3 2 
-1 -1 -1 -1 -1 -1 
5 1 5 1 5 1 
-1 -1 -1 -1 -1 -1 
Reached end with 18 flowers.
6 4 0 6 4 0 
-1 -1 -1 -1 -1 -1 
2 3 2 3 2 3 
-1 -1 -1 -1 -1 -1 
1 5 1 5 1 5 
-1 -1 -1 -1 -1 -1 
Reached end with 18 flowers.
6 4 0 6 4 0 
-1 -1 -1 -1 -1 -1 
2 3 2 3 2 3 
-1 -1 -1 -1 -1 -1 
5 1 5 1 5 1 
-1 -1 -1 -1 -1 -1 
Reached end with 18 flowers.
6 4 0 6 4 0 
-1 -1 -1 -1 -1 -1 
3 2 3 2 3 2 
-1 -1 -1 -1 -1 -1 
1 5 1 5 1 5 
-1 -1 -1 -1 -1 -1 
Reached end with 18 flowers.
6 4 0 6 4 0 
-1 -1 -1 -1 -1 -1 
3 2 3 2 3 2 
-1 -1 -1 -1 -1 -1 
5 1 5 1 5 1 
-1 -1 -1 -1 -1 -1 
Reached end with 18 flowers.
6 4 0 6 4 6 
-1 -1 -1 -1 -1 -1 
2 3 2 3 2 3 
-1 -1 -1 -1 -1 -1 
1 5 1 5 1 5 
-1 -1 -1 -1 -1 -1 
Reached end with 18 flowers.
6 4 0 6 4 6 
-1 -1 -1 -1 -1 -1 
2 3 2 3 2 3 
-1 -1 -1 -1 -1 -1 
5 1 5 1 5 1 
-1 -1 -1 -1 -1 -1 
Reached end with 18 flowers.
6 4 0 6 4 6 
-1 -1 -1 -1 -1 -1 
3 2 3 2 3 2 
-1 -1 -1 -1 -1 -1 
1 5 1 5 1 5 
-1 -1 -1 -1 -1 -1 
Reached end with 18 flowers.
6 4 0 6 4 6 
-1 -1 -1 -1 -1 -1 
3 2 3 2 3 2 
-1 -1 -1 -1 -1 -1 
5 1 5 1 5 1 
-1 -1 -1 -1 -1 -1 
Reached end with 18 flowers.
6 4 6 0 4 0 
-1 -1 -1 -1 -1 -1 
2 3 2 3 2 3 
-1 -1 -1 -1 -1 -1 
1 5 1 5 1 5 
-1 -1 -1 -1 -1 -1 
Reached end with 18 flowers.
6 4 6 0 4 0 
-1 -1 -1 -1 -1 -1 
2 3 2 3 2 3 
-1 -1 -1 -1 -1 -1 
5 1 5 1 5 1 
-1 -1 -1 -1 -1 -1 
Reached end with 18 flowers.
6 4 6 0 4 0 
-1 -1 -1 -1 -1 -1 
3 2 3 2 3 2 
-1 -1 -1 -1 -1 -1 
1 5 1 5 1 5 
-1 -1 -1 -1 -1 -1 
Reached end with 18 flowers.
6 4 6 0 4 0 
-1 -1 -1 -1 -1 -1 
3 2 3 2 3 2 
-1 -1 -1 -1 -1 -1 
5 1 5 1 5 1 
-1 -1 -1 -1 -1 -1 
Reached end with 18 flowers.
6 4 6 0 4 6 
-1 -1 -1 -1 -1 -1 
2 3 2 3 2 3 
-1 -1 -1 -1 -1 -1 
1 5 1 5 1 5 
-1 -1 -1 -1 -1 -1 
Reached end with 18 flowers.
6 4 6 0 4 6 
-1 -1 -1 -1 -1 -1 
2 3 2 3 2 3 
-1 -1 -1 -1 -1 -1 
5 1 5 1 5 1 
-1 -1 -1 -1 -1 -1 
Reached end with 18 flowers.
6 4 6 0 4 6 
-1 -1 -1 -1 -1 -1 
3 2 3 2 3 2 
-1 -1 -1 -1 -1 -1 
1 5 1 5 1 5 
-1 -1 -1 -1 -1 -1 
Reached end with 18 flowers.
6 4 6 0 4 6 
-1 -1 -1 -1 -1 -1 
3 2 3 2 3 2 
-1 -1 -1 -1 -1 -1 
5 1 5 1 5 1 
-1 -1 -1 -1 -1 -1 
Reached end with 18 flowers.
6 4 6 0 6 0 
-1 -1 -1 -1 -1 -1 
2 3 2 3 2 3 
-1 -1 -1 -1 -1 -1 
1 5 1 5 1 5 
-1 -1 -1 -1 -1 -1 
Reached end with 18 flowers.
6 4 6 0 6 0 
-1 -1 -1 -1 -1 -1 
2 3 2 3 2 3 
-1 -1 -1 -1 -1 -1 
5 1 5 1 5 1 
-1 -1 -1 -1 -1 -1 
Reached end with 18 flowers.
6 4 6 0 6 0 
-1 -1 -1 -1 -1 -1 
3 2 3 2 3 2 
-1 -1 -1 -1 -1 -1 
1 5 1 5 1 5 
-1 -1 -1 -1 -1 -1 
Reached end with 18 flowers.
6 4 6 0 6 0 
-1 -1 -1 -1 -1 -1 
3 2 3 2 3 2 
-1 -1 -1 -1 -1 -1 
5 1 5 1 5 1 
-1 -1 -1 -1 -1 -1 
Reached end with 18 flowers.
6 4 6 0 6 4 
-1 -1 -1 -1 -1 -1 
2 3 2 3 2 3 
-1 -1 -1 -1 -1 -1 
1 5 1 5 1 5 
-1 -1 -1 -1 -1 -1 
Reached end with 18 flowers.
6 4 6 0 6 4 
-1 -1 -1 -1 -1 -1 
2 3 2 3 2 3 
-1 -1 -1 -1 -1 -1 
5 1 5 1 5 1 
-1 -1 -1 -1 -1 -1 
Reached end with 18 flowers.
6 4 6 0 6 4 
-1 -1 -1 -1 -1 -1 
3 2 3 2 3 2 
-1 -1 -1 -1 -1 -1 
1 5 1 5 1 5 
-1 -1 -1 -1 -1 -1 
Reached end with 18 flowers.
6 4 6 0 6 4 
-1 -1 -1 -1 -1 -1 
3 2 3 2 3 2 
-1 -1 -1 -1 -1 -1 
5 1 5 1 5 1 
-1 -1 -1 -1 -1 -1 
Reached end with 18 flowers.
6 4 6 4 0 4 
-1 -1 -1 -1 -1 -1 
2 3 2 3 2 3 
-1 -1 -1 -1 -1 -1 
1 5 1 5 1 5 
-1 -1 -1 -1 -1 -1 
Reached end with 18 flowers.
6 4 6 4 0 4 
-1 -1 -1 -1 -1 -1 
2 3 2 3 2 3 
-1 -1 -1 -1 -1 -1 
5 1 5 1 5 1 
-1 -1 -1 -1 -1 -1 
Reached end with 18 flowers.
6 4 6 4 0 4 
-1 -1 -1 -1 -1 -1 
3 2 3 2 3 2 
-1 -1 -1 -1 -1 -1 
1 5 1 5 1 5 
-1 -1 -1 -1 -1 -1 
Reached end with 18 flowers.
6 4 6 4 0 4 
-1 -1 -1 -1 -1 -1 
3 2 3 2 3 2 
-1 -1 -1 -1 -1 -1 
5 1 5 1 5 1 
-1 -1 -1 -1 -1 -1 
Reached end with 18 flowers.
6 4 6 4 0 6 
-1 -1 -1 -1 -1 -1 
2 3 2 3 2 3 
-1 -1 -1 -1 -1 -1 
1 5 1 5 1 5 
-1 -1 -1 -1 -1 -1 
Reached end with 18 flowers.
6 4 6 4 0 6 
-1 -1 -1 -1 -1 -1 
2 3 2 3 2 3 
-1 -1 -1 -1 -1 -1 
5 1 5 1 5 1 
-1 -1 -1 -1 -1 -1 
Reached end with 18 flowers.
6 4 6 4 0 6 
-1 -1 -1 -1 -1 -1 
3 2 3 2 3 2 
-1 -1 -1 -1 -1 -1 
1 5 1 5 1 5 
-1 -1 -1 -1 -1 -1 
Reached end with 18 flowers.
6 4 6 4 0 6 
-1 -1 -1 -1 -1 -1 
3 2 3 2 3 2 
-1 -1 -1 -1 -1 -1 
5 1 5 1 5 1 
-1 -1 -1 -1 -1 -1 
Reached end with 18 flowers.
6 4 6 4 6 0 
-1 -1 -1 -1 -1 -1 
2 3 2 3 2 3 
-1 -1 -1 -1 -1 -1 
1 5 1 5 1 5 
-1 -1 -1 -1 -1 -1 
Reached end with 18 flowers.
6 4 6 4 6 0 
-1 -1 -1 -1 -1 -1 
2 3 2 3 2 3 
-1 -1 -1 -1 -1 -1 
5 1 5 1 5 1 
-1 -1 -1 -1 -1 -1 
Reached end with 18 flowers.
6 4 6 4 6 0 
-1 -1 -1 -1 -1 -1 
3 2 3 2 3 2 
-1 -1 -1 -1 -1 -1 
1 5 1 5 1 5 
-1 -1 -1 -1 -1 -1 
Reached end with 18 flowers.
6 4 6 4 6 0 
-1 -1 -1 -1 -1 -1 
3 2 3 2 3 2 
-1 -1 -1 -1 -1 -1 
5 1 5 1 5 1 
-1 -1 -1 -1 -1 -1 
Reached end with 18 flowers.
6 4 6 4 6 4 
-1 -1 -1 -1 -1 -1 
2 3 2 3 2 3 
-1 -1 -1 -1 -1 -1 
1 5 1 5 1 5 
-1 -1 -1 -1 -1 -1 
Reached end with 18 flowers.
6 4 6 4 6 4 
-1 -1 -1 -1 -1 -1 
2 3 2 3 2 3 
-1 -1 -1 -1 -1 -1 
5 1 5 1 5 1 
-1 -1 -1 -1 -1 -1 
Reached end with 18 flowers.
6 4 6 4 6 4 
-1 -1 -1 -1 -1 -1 
3 2 3 2 3 2 
-1 -1 -1 -1 -1 -1 
1 5 1 5 1 5 
-1 -1 -1 -1 -1 -1 
Reached end with 18 flowers.
6 4 6 4 6 4 
-1 -1 -1 -1 -1 -1 
3 2 3 2 3 2 
-1 -1 -1 -1 -1 -1 
5 1 5 1 5 1 
-1 -1 -1 -1 -1 -1 
18